231
2019
2380
4507
1627
1899
3698
2557
3740
31
4253
4725
1406
3804
4580
1725
209
4347
1021
1749
3997
3575
3778
10
2386
4000
1052
4716
2968
445
4299
4551
719
4081
4387
1197
4177
1213
348
2559
486
478
1973
4884
1530
4061
2041
4674
204
2525
3753
867
880
2094
699
1657
3242
2370
2121
2627
848
3982
4590
3296
733
4702
4006
2325
4418
3384
2548
3996
3999
3463
1264
3520
1602
3894
3481
3325
1959
1379
4513
444
1692
3433
3672
3626
3382
2730
2956
1807
4092
2721
1711
1504
889
3678
4152
1828
56
4716
257
1821
4977
4758
1869
2418
831
2180
55
4348
3890
3796
669
4470
4470
4147
1605
2300
1031
381
3944
1688
428
741
4904
1278
1752
4761
2632
2925
4743
1653
3270
2244
1123
2692
467
1935
1564
1255
2796
1203
2675
3608
2918
297
2053
2242
2034
1742
2073
1852
798
4676
773
3569
1394
4236
4854
591
666
1070
4549
2131
4606
2238
527
3425
3347
1779
3680
4671
737
4776
2586
2741
4013
1821
2824
4608
4225
4510
2727
890
852
2892
855
3594
1472
2554
1299
1231
2082
974
589
1726
1654
545
4003
681
4770
3629
3895
256
3063
2403
1116
1022
2091
3032
4557
4573
1413
246
1366
1157
3344
3660
1279
1714
1383
1934
1954
794
481
2450
2590
4763
4188
860
1087
3469
2818
2144
4839
597
615
2471
2828
3450
1777
4834
1504
3440
2997
1726
4818
1837
4608
4433
3382
2995
4266
2289
4298
2837
1675
3101
4776
613
4813
1353
1834
1231
1945
1089
1755
4270
407
770
542
874
833
2830
4938
1549
430
3514
2797
3756
2632
754
156
4756
2479
3093
4203
530
2846
2002
3922
2514
2696
2215
3637
425
3000
273
1496
1909
4971
549
1430
3839
3891
2508
2163
1437
2352
2749
2407
3161
305
1021
2981
4060
1197
2079
3753
3853
1886
1226
1424
3405
1848
3028
3178
3618
4193
4513
3550
158
2019
889
3785
2084
4324
1318
865
4971
930
2767
3178
97
4596
762
2210
1676
4234
4578
4228
922
1521
2643
23
3746
4125
3025
1991
864
4331
3546
2245
2840
4200
2250
1142
4416
2236
898
4736
4880
1214
3782
2923
4120
3049
1327
3810
1087
818
1503
4384
4615
285
2628
3637
4376
866
40
2959
1300
4327
2
641
2385
522
339
897
2347
4620
2795
4440
3336
4842
4349
4708
2740
4721
904
697
2798
4216
905
47
2828
4162
2630
2555
1572
3613
1766
3550
2197
2940
3437
553
1213
3141
539
3598
2710
431
1464
1468
3024
2063
1049
4774
937
2921
898
4656
4963
4343
161
2085
3423
4956
2814
3224
2893
2785
4326
3734
2854
4245
2244
397
1405
3797
3496
4599
4182
2307
2988
2368
2753
4437
2024
765
3113
2856
1619
3652
2715
2111
3588
2855
2780
1353
2130
1258
328
2315
705
4926
1106
2730
3615
3779
4820
653
3369
2140
4425
1300
474
2656
1356
2793
4333
3987
2933
2049
111
37
1167
674
1020
743
657
4389
2617
53
1668
2239
4271
1868
1602
3062
1263
23
823
3245
945
2461
4488
4479
4227
1416
1637
933
1500
4988
2020
3144
3326
3280
2205
668
3760
432
1711
2872
3122
432
3036
3316
473
2187
2029
3607
1055
3294
1530
4310
3164
4688
1104
2650
550
1688
1447
4604
4107
4725
2890
2630
3033
3524
3914
992
4663
934
4302
832
3313
2952
123
514
4425
1172
4006
2041
4387
3030
4879
3206
3458
2711
4981
3638
2176
4555
119
2072
3985
2107
3765
3398
2542
407
283
1949
3274
1038
3944
121
3992
699
998
212
4565
591
3225
4378
2682
4407
218
1077
4847
4685
4172
323
3544
276
3816
109
816
2231
1847
1206
4187
1726
2973
4019
889
2058
3768
3349
4087
4758
4214
2760
1714
4769
4074
1586
1330
741
4390
4579
1890
2689
3551
2858
1235
4961
3405
2998
2223
3836
4306
1762
3852
4792
1025
2839
2618
4207
3489
625
639
1869
1991
89
471
1413
3610
3776
1203
2230
3779
75
2841
2268
4317
1499
3176
116
2784
929
3653
770
1127
251
453
2453
3908
1923
3744
1235
3968
2124
2252
3766
3941
21
699
3462
2388
4823
1352
4630
1795
4993
57
4231
3922
1585
475
4527
4664
2503
1423
2561
1973
4870
743
1740
4636
3018
2505
1687
33
4969
3263
1656
2823
4075
3328
4297
801
4714
2728
2962
4578
4024
3975
1135
195
1223
3532
2324
1448
4217
1572
1465
701
4692
1794
4071
4278
3959
3826
4370
2319
4665
4598
1827
1731
3401
1409
4847
3257
1178
3727
4950
4775
3461
2984
2949
895
4609
1546
3414
4487
181
240
816
3398
1798
955
3131
2282
4257
20
1842
888
3359
644
4914
4427
2149
4404
1794
4814
3685
4067
271
491
1622
1691
2241
1709
3845
3177
4670
2414
412
4884
2138
4426
3782
3430
4933
2446
3278
2566
4001
1159
1885
4062
1417
2818
3070
3523
3746
205
4752
3601
802
1115
4969
326
1776
108
3715
1423
3437
1080
350
4428
477
3476
3506
489
645
3719
4472
4348
1537
1120
67
4112
3606
2560
274
4423
3639
322
4431
4465
2663
1812
4082
1023
4457
3457
1654
4826
3732
1855
4129
2921
809
2458
3586
2942
4312
2582
2879
28
734
404
2064
4682
1049
857
1720
4217
4834
4293
2784
3115
1649
886
1766
3665
4394
2483
1032
2189
2066
4646
617
4682
1992
2146
3304
1149
3974
2332
111
1057
2444
4404
3732
2259
4748
4401
4975
3601
1737
2438
4992
4440
4071
1014
1272
4924
692
4922
3549
1830
1551
690
2963
1088
4788
2382
2690
3903
2554
572
243
2502
4182
1728
671
2246
2154
4507
3917
4993
2509
2432
452
4628
4654
1178
611
979
875
3380
457
4053
3784
3282
4507
1755
1442
2644
2472
2366
1711
1072
1047
1165
2196
2491
258
2344
343
4027
2770
1185
